500
733
736
400
509
864
845
489
100
954
652
483
836
992
98
472
378
233
870
347
457
258
530
216
364
672
349
203
499
179
70
639
780
346
275
48
60
308
893
477
77
358
16
975
656
122
667
556
938
300
658
550
111
852
38
584
50
917
616
202
362
962
374
230
294
301
317
772
473
896
209
448
261
706
73
791
56
725
641
895
839
887
925
989
34
222
756
708
645
181
526
488
730
575
533
268
220
551
208
669
497
247
265
971
935
826
154
515
830
421
433
741
333
713
842
724
508
784
640
486
311
718
416
592
142
907
997
707
145
184
430
649
113
557
351
859
727
406
507
225
723
693
25
812
404
755
389
888
576
680
732
197
320
848
950
293
278
948
439
702
480
987
369
855
239
865
436
379
719
561
610
983
851
33
923
913
678
396
771
201
994
874
621
738
591
574
815
787
555
516
431
148
899
802
440
302
691
112
786
642
844
325
875
687
739
367
959
654
292
779
7
106
939
593
260
890
340
931
606
479
149
734
303
5
159
746
843
970
944
87
827
766
411
463
462
520
778
296
679
854
559
823
906
78
807
468
554
729
170
92
565
441
502
900
867
352
908
425
312
922
22
623
9
232
313
549
187
456
279
251
120
629
880
775
694
966
39
23
315
768
380
850
329
638
357
976
140
135
435
536
139
743
334
74
305
196
803
332
14
539
121
963
314
933
627
282
986
136
767
546
951
281
326
799
822
174
451
682
255
748
597
644
504
777
611
267
453
626
192
90
62
21
412
506
397
532
177
914
212
969
764
926
127
614
692
604
849
538
186
35
228
13
316
878
761
377
319
213
299
819
820
722
360
804
647
4
211
596
309
103
869
886
125
393
877
442
514
348
41
194
491
274
594
972
663
29
860
283
821
11
811
356
677
235
655
728
63
286
19
829
485
754
936
863
43
287
89
81
28
785
531
370
704
460
328
354
381
921
219
712
942
210
747
776
272
978
75
671
569
964
277
588
164
391
650
505
541
42
298
519
166
500
998
790
241
570
613
107
905
387
605
792
567
276
467
429
323
646
809
178
889
648
1
560
540
284
924
450
493
189
955
205
423
254
742
446
229
17
420
24
831
176
45
757
167
83
110
240
745
141
245
217
602
361
193
690
132
342
688
3
109